"outcome_resample","estimate","se","ci_lower","ci_upper","converged","profile","scenario_id","design_resample","design_id","design_label","design_name","design_short_name","design_group","tau","gamma","rho","spillover_type","n_design_resamples","n_outcome_resamples","n_treated","n_control"
1,1.72806376080764,0.21672472926578,1.30329109688751,2.15283642472776,TRUE,"full",368,1,8,"Design 8","Incidence-Guided Saturation Regions","Incidence Sat. Regions","Saturation",1.5,0.8,0.01,"both",25,10,29,29
2,1.27700131508086,0.251988918548838,0.783112110221946,1.77089051993978,TRUE,"full",368,1,8,"Design 8","Incidence-Guided Saturation Regions","Incidence Sat. Regions","Saturation",1.5,0.8,0.01,"both",25,10,29,29
3,1.01629898482562,0.26508461107458,0.496742694263634,1.5358552753876,TRUE,"full",368,1,8,"Design 8","Incidence-Guided Saturation Regions","Incidence Sat. Regions","Saturation",1.5,0.8,0.01,"both",25,10,29,29
4,1.33432696161446,0.23823323175083,0.867398407462253,1.80125551576667,TRUE,"full",368,1,8,"Design 8","Incidence-Guided Saturation Regions","Incidence Sat. Regions","Saturation",1.5,0.8,0.01,"both",25,10,29,29
5,2.05379749569479,0.284990033595564,1.49522729389462,2.61236769749495,TRUE,"full",368,1,8,"Design 8","Incidence-Guided Saturation Regions","Incidence Sat. Regions","Saturation",1.5,0.8,0.01,"both",25,10,29,29
6,1.82043954455245,0.242676337131921,1.34480266387379,2.29607642523112,TRUE,"full",368,1,8,"Design 8","Incidence-Guided Saturation Regions","Incidence Sat. Regions","Saturation",1.5,0.8,0.01,"both",25,10,29,29
7,1.76357293692197,0.290059295223388,1.19506716490306,2.33207870894088,TRUE,"full",368,1,8,"Design 8","Incidence-Guided Saturation Regions","Incidence Sat. Regions","Saturation",1.5,0.8,0.01,"both",25,10,29,29
8,1.27472295128863,0.265917299828368,0.753534620758887,1.79591128181837,TRUE,"full",368,1,8,"Design 8","Incidence-Guided Saturation Regions","Incidence Sat. Regions","Saturation",1.5,0.8,0.01,"both",25,10,29,29
9,1.42081180467993,0.240800356169504,0.94885177912329,1.89277183023658,TRUE,"full",368,1,8,"Design 8","Incidence-Guided Saturation Regions","Incidence Sat. Regions","Saturation",1.5,0.8,0.01,"both",25,10,29,29
10,1.46196999686356,0.230224715280454,1.01073784656289,1.91320214716424,TRUE,"full",368,1,8,"Design 8","Incidence-Guided Saturation Regions","Incidence Sat. Regions","Saturation",1.5,0.8,0.01,"both",25,10,29,29
1,1.56708045975818,0.294674619010824,0.989528819338901,2.14463210017745,TRUE,"full",368,2,8,"Design 8","Incidence-Guided Saturation Regions","Incidence Sat. Regions","Saturation",1.5,0.8,0.01,"both",25,10,29,29
2,1.46254060663827,0.252120443417536,0.968393617773627,1.95668759550291,TRUE,"full",368,2,8,"Design 8","Incidence-Guided Saturation Regions","Incidence Sat. Regions","Saturation",1.5,0.8,0.01,"both",25,10,29,29
3,1.2576140315808,0.264815286978369,0.73858560654756,1.77664245661404,TRUE,"full",368,2,8,"Design 8","Incidence-Guided Saturation Regions","Incidence Sat. Regions","Saturation",1.5,0.8,0.01,"both",25,10,29,29
4,1.6875734824088,0.283356987836588,1.13220399148134,2.24294297333627,TRUE,"full",368,2,8,"Design 8","Incidence-Guided Saturation Regions","Incidence Sat. Regions","Saturation",1.5,0.8,0.01,"both",25,10,29,29
5,1.69008880913328,0.262523546310519,1.17555211327093,2.20462550499563,TRUE,"full",368,2,8,"Design 8","Incidence-Guided Saturation Regions","Incidence Sat. Regions","Saturation",1.5,0.8,0.01,"both",25,10,29,29
6,1.5758310807915,0.256183683493339,1.07372028771774,2.07794187386525,TRUE,"full",368,2,8,"Design 8","Incidence-Guided Saturation Regions","Incidence Sat. Regions","Saturation",1.5,0.8,0.01,"both",25,10,29,29
7,1.65770614525482,0.278950052360657,1.11097408914237,2.20443820136727,TRUE,"full",368,2,8,"Design 8","Incidence-Guided Saturation Regions","Incidence Sat. Regions","Saturation",1.5,0.8,0.01,"both",25,10,29,29
8,1.48088385468728,0.300615602825297,0.891688099958897,2.07007960941565,TRUE,"full",368,2,8,"Design 8","Incidence-Guided Saturation Regions","Incidence Sat. Regions","Saturation",1.5,0.8,0.01,"both",25,10,29,29
9,1.65980452099963,0.308763797754326,1.05463859767134,2.26497044432792,TRUE,"full",368,2,8,"Design 8","Incidence-Guided Saturation Regions","Incidence Sat. Regions","Saturation",1.5,0.8,0.01,"both",25,10,29,29
10,1.74815577936411,0.236563396078957,1.28450004298887,2.21181151573935,TRUE,"full",368,2,8,"Design 8","Incidence-Guided Saturation Regions","Incidence Sat. Regions","Saturation",1.5,0.8,0.01,"both",25,10,29,29
1,1.18660476819561,0.251824470767522,0.693037875065407,1.68017166132581,TRUE,"full",368,3,8,"Design 8","Incidence-Guided Saturation Regions","Incidence Sat. Regions","Saturation",1.5,0.8,0.01,"both",25,10,29,29
2,1.05052329170986,0.281391731293879,0.499005632826488,1.60204095059324,TRUE,"full",368,3,8,"Design 8","Incidence-Guided Saturation Regions","Incidence Sat. Regions","Saturation",1.5,0.8,0.01,"both",25,10,29,29
3,1.61935319472343,0.284139008742569,1.06245097098508,2.17625541846178,TRUE,"full",368,3,8,"Design 8","Incidence-Guided Saturation Regions","Incidence Sat. Regions","Saturation",1.5,0.8,0.01,"both",25,10,29,29
4,1.21212544096672,0.264158404805686,0.694384481334026,1.72986640059942,TRUE,"full",368,3,8,"Design 8","Incidence-Guided Saturation Regions","Incidence Sat. Regions","Saturation",1.5,0.8,0.01,"both",25,10,29,29
5,1.67297962937983,0.20779266103607,1.26571349749739,2.08024576126226,TRUE,"full",368,3,8,"Design 8","Incidence-Guided Saturation Regions","Incidence Sat. Regions","Saturation",1.5,0.8,0.01,"both",25,10,29,29
6,1.45454473395849,0.27579505911337,0.913996350982191,1.99509311693479,TRUE,"full",368,3,8,"Design 8","Incidence-Guided Saturation Regions","Incidence Sat. Regions","Saturation",1.5,0.8,0.01,"both",25,10,29,29
7,1.4658048309723,0.297793861910593,0.882139586810438,2.04947007513415,TRUE,"full",368,3,8,"Design 8","Incidence-Guided Saturation Regions","Incidence Sat. Regions","Saturation",1.5,0.8,0.01,"both",25,10,29,29
8,1.68060538135582,0.264314584465562,1.16255831521465,2.198652447497,TRUE,"full",368,3,8,"Design 8","Incidence-Guided Saturation Regions","Incidence Sat. Regions","Saturation",1.5,0.8,0.01,"both",25,10,29,29
9,1.54214634572381,0.275665162210329,1.00185255599917,2.08244013544844,TRUE,"full",368,3,8,"Design 8","Incidence-Guided Saturation Regions","Incidence Sat. Regions","Saturation",1.5,0.8,0.01,"both",25,10,29,29
10,1.79768977035913,0.249735364991054,1.3082174493107,2.28716209140756,TRUE,"full",368,3,8,"Design 8","Incidence-Guided Saturation Regions","Incidence Sat. Regions","Saturation",1.5,0.8,0.01,"both",25,10,29,29
1,1.89153956913059,0.243616756606179,1.41405950015202,2.36901963810916,TRUE,"full",368,4,8,"Design 8","Incidence-Guided Saturation Regions","Incidence Sat. Regions","Saturation",1.5,0.8,0.01,"both",25,10,29,29
2,1.93974633687054,0.251296274796521,1.44721468882028,2.4322779849208,TRUE,"full",368,4,8,"Design 8","Incidence-Guided Saturation Regions","Incidence Sat. Regions","Saturation",1.5,0.8,0.01,"both",25,10,29,29
3,2.18295139065889,0.246973101613978,1.69889300634534,2.66700977497243,TRUE,"full",368,4,8,"Design 8","Incidence-Guided Saturation Regions","Incidence Sat. Regions","Saturation",1.5,0.8,0.01,"both",25,10,29,29
4,1.40022920579037,0.253018942059723,0.904321191946885,1.89613721963385,TRUE,"full",368,4,8,"Design 8","Incidence-Guided Saturation Regions","Incidence Sat. Regions","Saturation",1.5,0.8,0.01,"both",25,10,29,29
5,0.931766071480171,0.262760264267134,0.416765416948362,1.44676672601198,TRUE,"full",368,4,8,"Design 8","Incidence-Guided Saturation Regions","Incidence Sat. Regions","Saturation",1.5,0.8,0.01,"both",25,10,29,29
6,1.56838770046147,0.248664928169689,1.08101339703064,2.05576200389229,TRUE,"full",368,4,8,"Design 8","Incidence-Guided Saturation Regions","Incidence Sat. Regions","Saturation",1.5,0.8,0.01,"both",25,10,29,29
7,1.2041681454324,0.306443011840569,0.603550878910905,1.8047854119539,TRUE,"full",368,4,8,"Design 8","Incidence-Guided Saturation Regions","Incidence Sat. Regions","Saturation",1.5,0.8,0.01,"both",25,10,29,29
8,0.879154583262117,0.260050767438021,0.369464444931595,1.38884472159264,TRUE,"full",368,4,8,"Design 8","Incidence-Guided Saturation Regions","Incidence Sat. Regions","Saturation",1.5,0.8,0.01,"both",25,10,29,29
9,1.66214711838195,0.271055213091306,1.13088866290116,2.19340557386274,TRUE,"full",368,4,8,"Design 8","Incidence-Guided Saturation Regions","Incidence Sat. Regions","Saturation",1.5,0.8,0.01,"both",25,10,29,29
10,1.63497351972472,0.295245215198757,1.05630353132738,2.21364350812206,TRUE,"full",368,4,8,"Design 8","Incidence-Guided Saturation Regions","Incidence Sat. Regions","Saturation",1.5,0.8,0.01,"both",25,10,29,29
1,1.5116990855148,0.249948318241032,1.02180938376602,2.00158878726357,TRUE,"full",368,5,8,"Design 8","Incidence-Guided Saturation Regions","Incidence Sat. Regions","Saturation",1.5,0.8,0.01,"both",25,10,29,29
2,1.23481370382393,0.248156524232394,0.748435853799796,1.72119155384806,TRUE,"full",368,5,8,"Design 8","Incidence-Guided Saturation Regions","Incidence Sat. Regions","Saturation",1.5,0.8,0.01,"both",25,10,29,29
3,1.9435067493551,0.248981340538698,1.45551228907675,2.43150120963345,TRUE,"full",368,5,8,"Design 8","Incidence-Guided Saturation Regions","Incidence Sat. Regions","Saturation",1.5,0.8,0.01,"both",25,10,29,29
4,1.86379361403792,0.276017482751205,1.32280928874215,2.40477793933369,TRUE,"full",368,5,8,"Design 8","Incidence-Guided Saturation Regions","Incidence Sat. Regions","Saturation",1.5,0.8,0.01,"both",25,10,29,29
5,1.49812581120506,0.249232684663184,1.00963872549499,1.98661289691513,TRUE,"full",368,5,8,"Design 8","Incidence-Guided Saturation Regions","Incidence Sat. Regions","Saturation",1.5,0.8,0.01,"both",25,10,29,29
6,1.03289665936332,0.261780203863538,0.519816887925228,1.5459764308014,TRUE,"full",368,5,8,"Design 8","Incidence-Guided Saturation Regions","Incidence Sat. Regions","Saturation",1.5,0.8,0.01,"both",25,10,29,29
7,1.61912677283725,0.262819300776775,1.10401040887278,2.13424313680173,TRUE,"full",368,5,8,"Design 8","Incidence-Guided Saturation Regions","Incidence Sat. Regions","Saturation",1.5,0.8,0.01,"both",25,10,29,29
8,1.59064247504172,0.273373748709779,1.05483977325185,2.12644517683159,TRUE,"full",368,5,8,"Design 8","Incidence-Guided Saturation Regions","Incidence Sat. Regions","Saturation",1.5,0.8,0.01,"both",25,10,29,29
9,1.35925759006506,0.238492304825416,0.891821262017295,1.82669391811282,TRUE,"full",368,5,8,"Design 8","Incidence-Guided Saturation Regions","Incidence Sat. Regions","Saturation",1.5,0.8,0.01,"both",25,10,29,29
10,1.76625321215751,0.253046760084786,1.27029067598678,2.26221574832824,TRUE,"full",368,5,8,"Design 8","Incidence-Guided Saturation Regions","Incidence Sat. Regions","Saturation",1.5,0.8,0.01,"both",25,10,29,29
1,1.39473651756196,0.222194148023832,0.959243989859687,1.83022904526423,TRUE,"full",368,6,8,"Design 8","Incidence-Guided Saturation Regions","Incidence Sat. Regions","Saturation",1.5,0.8,0.01,"both",25,10,29,29
2,1.12445394913237,0.268160574558077,0.598868880924969,1.65003901733977,TRUE,"full",368,6,8,"Design 8","Incidence-Guided Saturation Regions","Incidence Sat. Regions","Saturation",1.5,0.8,0.01,"both",25,10,29,29
3,1.17474422286721,0.241222666325706,0.701956484614109,1.64753196112032,TRUE,"full",368,6,8,"Design 8","Incidence-Guided Saturation Regions","Incidence Sat. Regions","Saturation",1.5,0.8,0.01,"both",25,10,29,29
4,1.71025191025084,0.259617936032397,1.20141010588672,2.21909371461496,TRUE,"full",368,6,8,"Design 8","Incidence-Guided Saturation Regions","Incidence Sat. Regions","Saturation",1.5,0.8,0.01,"both",25,10,29,29
5,1.68939247475381,0.296501827743987,1.1082595710253,2.27052537848233,TRUE,"full",368,6,8,"Design 8","Incidence-Guided Saturation Regions","Incidence Sat. Regions","Saturation",1.5,0.8,0.01,"both",25,10,29,29
6,1.4683951022774,0.253362043574103,0.971814621822691,1.96497558273211,TRUE,"full",368,6,8,"Design 8","Incidence-Guided Saturation Regions","Incidence Sat. Regions","Saturation",1.5,0.8,0.01,"both",25,10,29,29
7,1.35769807037016,0.222040756862282,0.922506183820077,1.79288995692025,TRUE,"full",368,6,8,"Design 8","Incidence-Guided Saturation Regions","Incidence Sat. Regions","Saturation",1.5,0.8,0.01,"both",25,10,29,29
8,1.58540893256228,0.27695425461637,1.04258856814906,2.1282292969755,TRUE,"full",368,6,8,"Design 8","Incidence-Guided Saturation Regions","Incidence Sat. Regions","Saturation",1.5,0.8,0.01,"both",25,10,29,29
9,1.7491523616255,0.253124855821602,1.25303676062327,2.24526796262774,TRUE,"full",368,6,8,"Design 8","Incidence-Guided Saturation Regions","Incidence Sat. Regions","Saturation",1.5,0.8,0.01,"both",25,10,29,29
10,1.24160086256167,0.21761082823207,0.815091476580882,1.66811024854246,TRUE,"full",368,6,8,"Design 8","Incidence-Guided Saturation Regions","Incidence Sat. Regions","Saturation",1.5,0.8,0.01,"both",25,10,29,29
1,1.39198513876959,0.274256985903415,0.854451323890389,1.92951895364879,TRUE,"full",368,7,8,"Design 8","Incidence-Guided Saturation Regions","Incidence Sat. Regions","Saturation",1.5,0.8,0.01,"both",25,10,29,29
2,2.30592342211774,0.274475899709309,1.76796054406327,2.84388630017221,TRUE,"full",368,7,8,"Design 8","Incidence-Guided Saturation Regions","Incidence Sat. Regions","Saturation",1.5,0.8,0.01,"both",25,10,29,29
3,1.09946917324338,0.261697569757768,0.586551361676496,1.61238698481026,TRUE,"full",368,7,8,"Design 8","Incidence-Guided Saturation Regions","Incidence Sat. Regions","Saturation",1.5,0.8,0.01,"both",25,10,29,29
4,1.59208564123569,0.223541260223656,1.15395282213863,2.03021846033275,TRUE,"full",368,7,8,"Design 8","Incidence-Guided Saturation Regions","Incidence Sat. Regions","Saturation",1.5,0.8,0.01,"both",25,10,29,29
5,1.42033714905817,0.2169118171607,0.995197799602065,1.84547649851428,TRUE,"full",368,7,8,"Design 8","Incidence-Guided Saturation Regions","Incidence Sat. Regions","Saturation",1.5,0.8,0.01,"both",25,10,29,29
6,1.6458812194544,0.229470352246673,1.1961275935312,2.0956348453776,TRUE,"full",368,7,8,"Design 8","Incidence-Guided Saturation Regions","Incidence Sat. Regions","Saturation",1.5,0.8,0.01,"both",25,10,29,29
7,1.1040464079608,0.252498267736918,0.609158897037684,1.59893391888391,TRUE,"full",368,7,8,"Design 8","Incidence-Guided Saturation Regions","Incidence Sat. Regions","Saturation",1.5,0.8,0.01,"both",25,10,29,29
8,1.73832038066304,0.241370884860618,1.26524213941966,2.21139862190641,TRUE,"full",368,7,8,"Design 8","Incidence-Guided Saturation Regions","Incidence Sat. Regions","Saturation",1.5,0.8,0.01,"both",25,10,29,29
9,1.53123054950893,0.244974348046255,1.05108965020209,2.01137144881577,TRUE,"full",368,7,8,"Design 8","Incidence-Guided Saturation Regions","Incidence Sat. Regions","Saturation",1.5,0.8,0.01,"both",25,10,29,29
10,1.59374588404052,0.267918709905101,1.06863486184209,2.11885690623896,TRUE,"full",368,7,8,"Design 8","Incidence-Guided Saturation Regions","Incidence Sat. Regions","Saturation",1.5,0.8,0.01,"both",25,10,29,29
1,1.53768865368647,0.261931928513533,1.02431150739882,2.05106579997411,TRUE,"full",368,8,8,"Design 8","Incidence-Guided Saturation Regions","Incidence Sat. Regions","Saturation",1.5,0.8,0.01,"both",25,10,29,29
2,1.59448600315816,0.237160736987392,1.1296595001159,2.05931250620043,TRUE,"full",368,8,8,"Design 8","Incidence-Guided Saturation Regions","Incidence Sat. Regions","Saturation",1.5,0.8,0.01,"both",25,10,29,29
3,2.11993789294572,0.263899198671064,1.60270496800145,2.63717081788999,TRUE,"full",368,8,8,"Design 8","Incidence-Guided Saturation Regions","Incidence Sat. Regions","Saturation",1.5,0.8,0.01,"both",25,10,29,29
4,1.25870943055393,0.289867803188508,0.690578976026709,1.82683988508115,TRUE,"full",368,8,8,"Design 8","Incidence-Guided Saturation Regions","Incidence Sat. Regions","Saturation",1.5,0.8,0.01,"both",25,10,29,29
5,1.75000207005155,0.273755289798308,1.21345156146954,2.28655257863356,TRUE,"full",368,8,8,"Design 8","Incidence-Guided Saturation Regions","Incidence Sat. Regions","Saturation",1.5,0.8,0.01,"both",25,10,29,29
6,1.67863671002434,0.236914709775947,1.21429241145572,2.14298100859295,TRUE,"full",368,8,8,"Design 8","Incidence-Guided Saturation Regions","Incidence Sat. Regions","Saturation",1.5,0.8,0.01,"both",25,10,29,29
7,1.53645362115204,0.324837260541562,0.899784289653925,2.17312295265016,TRUE,"full",368,8,8,"Design 8","Incidence-Guided Saturation Regions","Incidence Sat. Regions","Saturation",1.5,0.8,0.01,"both",25,10,29,29
8,1.3049996217013,0.286077738661022,0.744297557147034,1.86570168625556,TRUE,"full",368,8,8,"Design 8","Incidence-Guided Saturation Regions","Incidence Sat. Regions","Saturation",1.5,0.8,0.01,"both",25,10,29,29
9,1.49952394218933,0.252509606874947,1.00461420696406,1.99443367741459,TRUE,"full",368,8,8,"Design 8","Incidence-Guided Saturation Regions","Incidence Sat. Regions","Saturation",1.5,0.8,0.01,"both",25,10,29,29
10,1.03888249223213,0.282201540643035,0.485777636190064,1.5919873482742,TRUE,"full",368,8,8,"Design 8","Incidence-Guided Saturation Regions","Incidence Sat. Regions","Saturation",1.5,0.8,0.01,"both",25,10,29,29
1,1.41156882950921,0.255645381986206,0.910513088002263,1.91262457101616,TRUE,"full",368,9,8,"Design 8","Incidence-Guided Saturation Regions","Incidence Sat. Regions","Saturation",1.5,0.8,0.01,"both",25,10,29,29
2,1.63532568128341,0.265658642042428,1.11464431069843,2.15600705186839,TRUE,"full",368,9,8,"Design 8","Incidence-Guided Saturation Regions","Incidence Sat. Regions","Saturation",1.5,0.8,0.01,"both",25,10,29,29
3,1.35328573305208,0.261544155022281,0.840668608841452,1.86590285726271,TRUE,"full",368,9,8,"Design 8","Incidence-Guided Saturation Regions","Incidence Sat. Regions","Saturation",1.5,0.8,0.01,"both",25,10,29,29
4,0.832384072144966,0.239868982240957,0.362249505944413,1.30251863834552,TRUE,"full",368,9,8,"Design 8","Incidence-Guided Saturation Regions","Incidence Sat. Regions","Saturation",1.5,0.8,0.01,"both",25,10,29,29
5,1.63662670213599,0.241216173417242,1.16385168974963,2.10940171452236,TRUE,"full",368,9,8,"Design 8","Incidence-Guided Saturation Regions","Incidence Sat. Regions","Saturation",1.5,0.8,0.01,"both",25,10,29,29
6,1.1123973050536,0.264404834038594,0.594173352999665,1.63062125710753,TRUE,"full",368,9,8,"Design 8","Incidence-Guided Saturation Regions","Incidence Sat. Regions","Saturation",1.5,0.8,0.01,"both",25,10,29,29
7,1.22017100890279,0.230240466747395,0.768907986294209,1.67143403151138,TRUE,"full",368,9,8,"Design 8","Incidence-Guided Saturation Regions","Incidence Sat. Regions","Saturation",1.5,0.8,0.01,"both",25,10,29,29
8,1.52125341944336,0.276966441409928,0.978409169353679,2.06409766953304,TRUE,"full",368,9,8,"Design 8","Incidence-Guided Saturation Regions","Incidence Sat. Regions","Saturation",1.5,0.8,0.01,"both",25,10,29,29
9,1.64410230526464,0.235988143668221,1.18157404289646,2.10663056763282,TRUE,"full",368,9,8,"Design 8","Incidence-Guided Saturation Regions","Incidence Sat. Regions","Saturation",1.5,0.8,0.01,"both",25,10,29,29
10,1.51443266132104,0.2850101355919,0.955823060332042,2.07304226231004,TRUE,"full",368,9,8,"Design 8","Incidence-Guided Saturation Regions","Incidence Sat. Regions","Saturation",1.5,0.8,0.01,"both",25,10,29,29
1,1.29721110508305,0.251172287757522,0.804922467163776,1.78949974300232,TRUE,"full",368,10,8,"Design 8","Incidence-Guided Saturation Regions","Incidence Sat. Regions","Saturation",1.5,0.8,0.01,"both",25,10,29,29
2,1.55044724105491,0.293995758664413,0.974226142465128,2.12666833964468,TRUE,"full",368,10,8,"Design 8","Incidence-Guided Saturation Regions","Incidence Sat. Regions","Saturation",1.5,0.8,0.01,"both",25,10,29,29
3,1.37999904694724,0.289552056241273,0.812487445064825,1.94751064882965,TRUE,"full",368,10,8,"Design 8","Incidence-Guided Saturation Regions","Incidence Sat. Regions","Saturation",1.5,0.8,0.01,"both",25,10,29,29
4,1.51191650001922,0.244506846727789,1.0326918864593,1.99114111357914,TRUE,"full",368,10,8,"Design 8","Incidence-Guided Saturation Regions","Incidence Sat. Regions","Saturation",1.5,0.8,0.01,"both",25,10,29,29
5,1.26581566382884,0.294123328587887,0.689344532783542,1.84228679487414,TRUE,"full",368,10,8,"Design 8","Incidence-Guided Saturation Regions","Incidence Sat. Regions","Saturation",1.5,0.8,0.01,"both",25,10,29,29
6,1.32532259969673,0.270756804589836,0.794649014131501,1.85599618526196,TRUE,"full",368,10,8,"Design 8","Incidence-Guided Saturation Regions","Incidence Sat. Regions","Saturation",1.5,0.8,0.01,"both",25,10,29,29
7,1.4620357068813,0.224960772371977,1.02112069509791,1.90295071866469,TRUE,"full",368,10,8,"Design 8","Incidence-Guided Saturation Regions","Incidence Sat. Regions","Saturation",1.5,0.8,0.01,"both",25,10,29,29
8,1.48140998805737,0.29121481647685,0.910639435998298,2.05218054011643,TRUE,"full",368,10,8,"Design 8","Incidence-Guided Saturation Regions","Incidence Sat. Regions","Saturation",1.5,0.8,0.01,"both",25,10,29,29
9,1.0831663154397,0.349182351908783,0.398781481661495,1.76755114921791,TRUE,"full",368,10,8,"Design 8","Incidence-Guided Saturation Regions","Incidence Sat. Regions","Saturation",1.5,0.8,0.01,"both",25,10,29,29
10,1.59537463435195,0.274952079938225,1.05647846019865,2.13427080850525,TRUE,"full",368,10,8,"Design 8","Incidence-Guided Saturation Regions","Incidence Sat. Regions","Saturation",1.5,0.8,0.01,"both",25,10,29,29
1,1.48433449941924,0.264914855487208,0.965110923694682,2.0035580751438,TRUE,"full",368,11,8,"Design 8","Incidence-Guided Saturation Regions","Incidence Sat. Regions","Saturation",1.5,0.8,0.01,"both",25,10,29,29
2,1.580998440426,0.2696612825367,1.05247203862918,2.10952484222281,TRUE,"full",368,11,8,"Design 8","Incidence-Guided Saturation Regions","Incidence Sat. Regions","Saturation",1.5,0.8,0.01,"both",25,10,29,29
3,1.42926272336419,0.252813041711864,0.933758266786911,1.92476717994146,TRUE,"full",368,11,8,"Design 8","Incidence-Guided Saturation Regions","Incidence Sat. Regions","Saturation",1.5,0.8,0.01,"both",25,10,29,29
4,1.85063146845737,0.283428670326732,1.2951214824309,2.40614145448384,TRUE,"full",368,11,8,"Design 8","Incidence-Guided Saturation Regions","Incidence Sat. Regions","Saturation",1.5,0.8,0.01,"both",25,10,29,29
5,2.03145241094929,0.274116942759283,1.49419307558887,2.56871174630972,TRUE,"full",368,11,8,"Design 8","Incidence-Guided Saturation Regions","Incidence Sat. Regions","Saturation",1.5,0.8,0.01,"both",25,10,29,29
6,1.50638749497735,0.258541955323438,0.999654574050853,2.01312041590386,TRUE,"full",368,11,8,"Design 8","Incidence-Guided Saturation Regions","Incidence Sat. Regions","Saturation",1.5,0.8,0.01,"both",25,10,29,29
7,1.5348363852611,0.267990155696331,1.00958533188501,2.06008743863719,TRUE,"full",368,11,8,"Design 8","Incidence-Guided Saturation Regions","Incidence Sat. Regions","Saturation",1.5,0.8,0.01,"both",25,10,29,29
8,1.98055573229194,0.255341015027628,1.48009653906188,2.48101492552199,TRUE,"full",368,11,8,"Design 8","Incidence-Guided Saturation Regions","Incidence Sat. Regions","Saturation",1.5,0.8,0.01,"both",25,10,29,29
9,1.4812053368887,0.287817520126152,0.917093363321813,2.04531731045559,TRUE,"full",368,11,8,"Design 8","Incidence-Guided Saturation Regions","Incidence Sat. Regions","Saturation",1.5,0.8,0.01,"both",25,10,29,29
10,1.44227674440411,0.214210275877677,1.02243231856547,1.86212117024274,TRUE,"full",368,11,8,"Design 8","Incidence-Guided Saturation Regions","Incidence Sat. Regions","Saturation",1.5,0.8,0.01,"both",25,10,29,29
1,1.5502436764577,0.243308414145291,1.07336794759737,2.02711940531802,TRUE,"full",368,12,8,"Design 8","Incidence-Guided Saturation Regions","Incidence Sat. Regions","Saturation",1.5,0.8,0.01,"both",25,10,29,29
2,1.45254811053797,0.258832705018643,0.945245330680348,1.95985089039559,TRUE,"full",368,12,8,"Design 8","Incidence-Guided Saturation Regions","Incidence Sat. Regions","Saturation",1.5,0.8,0.01,"both",25,10,29,29
3,1.32697341600099,0.247059532539291,0.842745630186675,1.8112012018153,TRUE,"full",368,12,8,"Design 8","Incidence-Guided Saturation Regions","Incidence Sat. Regions","Saturation",1.5,0.8,0.01,"both",25,10,29,29
4,1.26442656571216,0.283217044312593,0.709331359051591,1.81952177237273,TRUE,"full",368,12,8,"Design 8","Incidence-Guided Saturation Regions","Incidence Sat. Regions","Saturation",1.5,0.8,0.01,"both",25,10,29,29
5,1.46255976036869,0.218904306132873,1.03351520428753,1.89160431644985,TRUE,"full",368,12,8,"Design 8","Incidence-Guided Saturation Regions","Incidence Sat. Regions","Saturation",1.5,0.8,0.01,"both",25,10,29,29
6,1.70915075449941,0.262897232325771,1.19388164750564,2.22441986149318,TRUE,"full",368,12,8,"Design 8","Incidence-Guided Saturation Regions","Incidence Sat. Regions","Saturation",1.5,0.8,0.01,"both",25,10,29,29
7,1.90182681062788,0.269957153836516,1.37272051173937,2.43093310951639,TRUE,"full",368,12,8,"Design 8","Incidence-Guided Saturation Regions","Incidence Sat. Regions","Saturation",1.5,0.8,0.01,"both",25,10,29,29
8,1.48576126306825,0.299818924770891,0.89812696863378,2.07339555750272,TRUE,"full",368,12,8,"Design 8","Incidence-Guided Saturation Regions","Incidence Sat. Regions","Saturation",1.5,0.8,0.01,"both",25,10,29,29
9,1.68553504311442,0.183994060102069,1.32491331194507,2.04615677428378,TRUE,"full",368,12,8,"Design 8","Incidence-Guided Saturation Regions","Incidence Sat. Regions","Saturation",1.5,0.8,0.01,"both",25,10,29,29
10,1.47644877731743,0.238865787357876,1.00828043695719,1.94461711767767,TRUE,"full",368,12,8,"Design 8","Incidence-Guided Saturation Regions","Incidence Sat. Regions","Saturation",1.5,0.8,0.01,"both",25,10,29,29
1,1.33538049841911,0.29360762443162,0.759920128946771,1.91084086789145,TRUE,"full",368,13,8,"Design 8","Incidence-Guided Saturation Regions","Incidence Sat. Regions","Saturation",1.5,0.8,0.01,"both",25,10,29,29
2,1.50378271378963,0.303400293107379,0.909129066400275,2.09843636117899,TRUE,"full",368,13,8,"Design 8","Incidence-Guided Saturation Regions","Incidence Sat. Regions","Saturation",1.5,0.8,0.01,"both",25,10,29,29
3,1.28738375757762,0.25169973639319,0.794061339328741,1.7807061758265,TRUE,"full",368,13,8,"Design 8","Incidence-Guided Saturation Regions","Incidence Sat. Regions","Saturation",1.5,0.8,0.01,"both",25,10,29,29
4,1.76383544419618,0.300611980300888,1.17464678948518,2.35302409890719,TRUE,"full",368,13,8,"Design 8","Incidence-Guided Saturation Regions","Incidence Sat. Regions","Saturation",1.5,0.8,0.01,"both",25,10,29,29
5,1.73434175671251,0.297704587300386,1.15085148757139,2.31783202585363,TRUE,"full",368,13,8,"Design 8","Incidence-Guided Saturation Regions","Incidence Sat. Regions","Saturation",1.5,0.8,0.01,"both",25,10,29,29
6,1.80777499981535,0.264034243661614,1.29027739155332,2.32527260807739,TRUE,"full",368,13,8,"Design 8","Incidence-Guided Saturation Regions","Incidence Sat. Regions","Saturation",1.5,0.8,0.01,"both",25,10,29,29
7,1.38687210577639,0.302854585013684,0.793288026596746,1.98045618495604,TRUE,"full",368,13,8,"Design 8","Incidence-Guided Saturation Regions","Incidence Sat. Regions","Saturation",1.5,0.8,0.01,"both",25,10,29,29
8,1.96285177693884,0.304209730725605,1.36661166097002,2.55909189290765,TRUE,"full",368,13,8,"Design 8","Incidence-Guided Saturation Regions","Incidence Sat. Regions","Saturation",1.5,0.8,0.01,"both",25,10,29,29
9,1.44682005334609,0.28825282062558,0.881854906477872,2.01178520021432,TRUE,"full",368,13,8,"Design 8","Incidence-Guided Saturation Regions","Incidence Sat. Regions","Saturation",1.5,0.8,0.01,"both",25,10,29,29
10,2.42936245286116,0.280286251761915,1.88001149404608,2.97871341167624,TRUE,"full",368,13,8,"Design 8","Incidence-Guided Saturation Regions","Incidence Sat. Regions","Saturation",1.5,0.8,0.01,"both",25,10,29,29
1,1.66999430102127,0.261079859150619,1.15828717999726,2.18170142204527,TRUE,"full",368,14,8,"Design 8","Incidence-Guided Saturation Regions","Incidence Sat. Regions","Saturation",1.5,0.8,0.01,"both",25,10,29,29
2,1.88170701867254,0.282219024553758,1.32856789479515,2.43484614254993,TRUE,"full",368,14,8,"Design 8","Incidence-Guided Saturation Regions","Incidence Sat. Regions","Saturation",1.5,0.8,0.01,"both",25,10,29,29
3,1.4627100604064,0.236966852438928,0.998263564096286,1.92715655671652,TRUE,"full",368,14,8,"Design 8","Incidence-Guided Saturation Regions","Incidence Sat. Regions","Saturation",1.5,0.8,0.01,"both",25,10,29,29
4,1.68903821453425,0.239843703094285,1.21895319455073,2.15912323451777,TRUE,"full",368,14,8,"Design 8","Incidence-Guided Saturation Regions","Incidence Sat. Regions","Saturation",1.5,0.8,0.01,"both",25,10,29,29
5,1.56311959080649,0.276065255310906,1.02204163301426,2.10419754859872,TRUE,"full",368,14,8,"Design 8","Incidence-Guided Saturation Regions","Incidence Sat. Regions","Saturation",1.5,0.8,0.01,"both",25,10,29,29
6,1.70339773267057,0.209489509210268,1.29280583947947,2.11398962586166,TRUE,"full",368,14,8,"Design 8","Incidence-Guided Saturation Regions","Incidence Sat. Regions","Saturation",1.5,0.8,0.01,"both",25,10,29,29
7,1.26426749454698,0.241350142471215,0.791229907639792,1.73730508145417,TRUE,"full",368,14,8,"Design 8","Incidence-Guided Saturation Regions","Incidence Sat. Regions","Saturation",1.5,0.8,0.01,"both",25,10,29,29
8,1.48750812472098,0.213121639996998,1.06979738600075,1.9052188634412,TRUE,"full",368,14,8,"Design 8","Incidence-Guided Saturation Regions","Incidence Sat. Regions","Saturation",1.5,0.8,0.01,"both",25,10,29,29
9,1.34514940665511,0.279952875523073,0.796451853261464,1.89384696004876,TRUE,"full",368,14,8,"Design 8","Incidence-Guided Saturation Regions","Incidence Sat. Regions","Saturation",1.5,0.8,0.01,"both",25,10,29,29
10,1.7679403784389,0.279513451882258,1.2201040795552,2.31577667732259,TRUE,"full",368,14,8,"Design 8","Incidence-Guided Saturation Regions","Incidence Sat. Regions","Saturation",1.5,0.8,0.01,"both",25,10,29,29
1,1.57478835378368,0.230690330612414,1.12264361420171,2.02693309336565,TRUE,"full",368,15,8,"Design 8","Incidence-Guided Saturation Regions","Incidence Sat. Regions","Saturation",1.5,0.8,0.01,"both",25,10,29,29
2,1.23661775074356,0.299197681310906,0.650201071116295,1.82303443037083,TRUE,"full",368,15,8,"Design 8","Incidence-Guided Saturation Regions","Incidence Sat. Regions","Saturation",1.5,0.8,0.01,"both",25,10,29,29
3,1.75346877279097,0.28989963403435,1.1852759309523,2.32166161462964,TRUE,"full",368,15,8,"Design 8","Incidence-Guided Saturation Regions","Incidence Sat. Regions","Saturation",1.5,0.8,0.01,"both",25,10,29,29
4,1.4564278486304,0.217315947495314,1.03049641827339,1.88235927898741,TRUE,"full",368,15,8,"Design 8","Incidence-Guided Saturation Regions","Incidence Sat. Regions","Saturation",1.5,0.8,0.01,"both",25,10,29,29
5,1.63277635479649,0.259295095836473,1.12456730558914,2.14098540400383,TRUE,"full",368,15,8,"Design 8","Incidence-Guided Saturation Regions","Incidence Sat. Regions","Saturation",1.5,0.8,0.01,"both",25,10,29,29
6,1.49085954648199,0.196640322109975,1.10545159723808,1.8762674957259,TRUE,"full",368,15,8,"Design 8","Incidence-Guided Saturation Regions","Incidence Sat. Regions","Saturation",1.5,0.8,0.01,"both",25,10,29,29
7,1.21339987059922,0.256197521324819,0.711261955874142,1.7155377853243,TRUE,"full",368,15,8,"Design 8","Incidence-Guided Saturation Regions","Incidence Sat. Regions","Saturation",1.5,0.8,0.01,"both",25,10,29,29
8,1.54874589927937,0.254190913486769,1.05054086364796,2.04695093491077,TRUE,"full",368,15,8,"Design 8","Incidence-Guided Saturation Regions","Incidence Sat. Regions","Saturation",1.5,0.8,0.01,"both",25,10,29,29
9,1.68224775665438,0.260374587656261,1.17192294235864,2.19257257095012,TRUE,"full",368,15,8,"Design 8","Incidence-Guided Saturation Regions","Incidence Sat. Regions","Saturation",1.5,0.8,0.01,"both",25,10,29,29
10,0.992707423939836,0.283968055225955,0.436140262937083,1.54927458494259,TRUE,"full",368,15,8,"Design 8","Incidence-Guided Saturation Regions","Incidence Sat. Regions","Saturation",1.5,0.8,0.01,"both",25,10,29,29
1,1.51288650763767,0.279128409816192,0.965804877335999,2.05996813793934,TRUE,"full",368,16,8,"Design 8","Incidence-Guided Saturation Regions","Incidence Sat. Regions","Saturation",1.5,0.8,0.01,"both",25,10,29,29
2,1.64347891589224,0.236864360190063,1.17923330069859,2.10772453108588,TRUE,"full",368,16,8,"Design 8","Incidence-Guided Saturation Regions","Incidence Sat. Regions","Saturation",1.5,0.8,0.01,"both",25,10,29,29
3,1.48746185950286,0.239156677718967,1.01872338451143,1.95620033449429,TRUE,"full",368,16,8,"Design 8","Incidence-Guided Saturation Regions","Incidence Sat. Regions","Saturation",1.5,0.8,0.01,"both",25,10,29,29
4,1.313091577163,0.228661700026397,0.864922880467557,1.76126027385843,TRUE,"full",368,16,8,"Design 8","Incidence-Guided Saturation Regions","Incidence Sat. Regions","Saturation",1.5,0.8,0.01,"both",25,10,29,29
5,1.52031379065525,0.266436787979947,0.998107282058019,2.04252029925248,TRUE,"full",368,16,8,"Design 8","Incidence-Guided Saturation Regions","Incidence Sat. Regions","Saturation",1.5,0.8,0.01,"both",25,10,29,29
6,1.14772317737675,0.293894020093911,0.571701482720994,1.72374487203251,TRUE,"full",368,16,8,"Design 8","Incidence-Guided Saturation Regions","Incidence Sat. Regions","Saturation",1.5,0.8,0.01,"both",25,10,29,29
7,1.44678896681219,0.267307426595092,0.922876037885724,1.97070189573865,TRUE,"full",368,16,8,"Design 8","Incidence-Guided Saturation Regions","Incidence Sat. Regions","Saturation",1.5,0.8,0.01,"both",25,10,29,29
8,1.29494597441612,0.302610707971032,0.701839885456731,1.88805206337551,TRUE,"full",368,16,8,"Design 8","Incidence-Guided Saturation Regions","Incidence Sat. Regions","Saturation",1.5,0.8,0.01,"both",25,10,29,29
9,1.01965745546408,0.211451470878761,0.605220188063688,1.43409472286447,TRUE,"full",368,16,8,"Design 8","Incidence-Guided Saturation Regions","Incidence Sat. Regions","Saturation",1.5,0.8,0.01,"both",25,10,29,29
10,1.4283372470038,0.231331827931672,0.974935195779908,1.8817392982277,TRUE,"full",368,16,8,"Design 8","Incidence-Guided Saturation Regions","Incidence Sat. Regions","Saturation",1.5,0.8,0.01,"both",25,10,29,29
1,1.43028016736735,0.287661919178524,0.866473166053771,1.99408716868093,TRUE,"full",368,17,8,"Design 8","Incidence-Guided Saturation Regions","Incidence Sat. Regions","Saturation",1.5,0.8,0.01,"both",25,10,29,29
2,1.22709475780184,0.266136356363135,0.705477084353378,1.7487124312503,TRUE,"full",368,17,8,"Design 8","Incidence-Guided Saturation Regions","Incidence Sat. Regions","Saturation",1.5,0.8,0.01,"both",25,10,29,29
3,1.1325889118499,0.257722539956011,0.627462015531932,1.63771580816786,TRUE,"full",368,17,8,"Design 8","Incidence-Guided Saturation Regions","Incidence Sat. Regions","Saturation",1.5,0.8,0.01,"both",25,10,29,29
4,1.44083284856104,0.303369277992839,0.846239989679156,2.03542570744292,TRUE,"full",368,17,8,"Design 8","Incidence-Guided Saturation Regions","Incidence Sat. Regions","Saturation",1.5,0.8,0.01,"both",25,10,29,29
5,1.91092143765974,0.231604257403148,1.45698543448342,2.36485744083605,TRUE,"full",368,17,8,"Design 8","Incidence-Guided Saturation Regions","Incidence Sat. Regions","Saturation",1.5,0.8,0.01,"both",25,10,29,29
6,1.82186133424509,0.282314878716432,1.26853433966109,2.37518832882909,TRUE,"full",368,17,8,"Design 8","Incidence-Guided Saturation Regions","Incidence Sat. Regions","Saturation",1.5,0.8,0.01,"both",25,10,29,29
7,1.22584598647022,0.278572745119545,0.679853438961454,1.77183853397898,TRUE,"full",368,17,8,"Design 8","Incidence-Guided Saturation Regions","Incidence Sat. Regions","Saturation",1.5,0.8,0.01,"both",25,10,29,29
8,1.25294787998287,0.238824776906891,0.784859918629553,1.72103584133619,TRUE,"full",368,17,8,"Design 8","Incidence-Guided Saturation Regions","Incidence Sat. Regions","Saturation",1.5,0.8,0.01,"both",25,10,29,29
9,1.47440284207362,0.249842546009524,0.98472045008916,1.96408523405808,TRUE,"full",368,17,8,"Design 8","Incidence-Guided Saturation Regions","Incidence Sat. Regions","Saturation",1.5,0.8,0.01,"both",25,10,29,29
10,1.67145932296165,0.219555815692932,1.24113783160719,2.10178081431611,TRUE,"full",368,17,8,"Design 8","Incidence-Guided Saturation Regions","Incidence Sat. Regions","Saturation",1.5,0.8,0.01,"both",25,10,29,29
1,1.83744522112887,0.245364026504276,1.35654056607876,2.31834987617899,TRUE,"full",368,18,8,"Design 8","Incidence-Guided Saturation Regions","Incidence Sat. Regions","Saturation",1.5,0.8,0.01,"both",25,10,29,29
2,2.07129869998571,0.235161349238461,1.61039092492248,2.53220647504894,TRUE,"full",368,18,8,"Design 8","Incidence-Guided Saturation Regions","Incidence Sat. Regions","Saturation",1.5,0.8,0.01,"both",25,10,29,29
3,1.42154266842127,0.263289608248433,0.905504518750682,1.93758081809186,TRUE,"full",368,18,8,"Design 8","Incidence-Guided Saturation Regions","Incidence Sat. Regions","Saturation",1.5,0.8,0.01,"both",25,10,29,29
4,0.934143242401962,0.260141805804437,0.424274672152053,1.44401181265187,TRUE,"full",368,18,8,"Design 8","Incidence-Guided Saturation Regions","Incidence Sat. Regions","Saturation",1.5,0.8,0.01,"both",25,10,29,29
5,1.07911167719625,0.278657796021902,0.532952432982017,1.62527092141049,TRUE,"full",368,18,8,"Design 8","Incidence-Guided Saturation Regions","Incidence Sat. Regions","Saturation",1.5,0.8,0.01,"both",25,10,29,29
6,1.03923149579728,0.268170028221506,0.513627898750038,1.56483509284452,TRUE,"full",368,18,8,"Design 8","Incidence-Guided Saturation Regions","Incidence Sat. Regions","Saturation",1.5,0.8,0.01,"both",25,10,29,29
7,1.11238958141694,0.278003722363521,0.567512298016365,1.65726686481751,TRUE,"full",368,18,8,"Design 8","Incidence-Guided Saturation Regions","Incidence Sat. Regions","Saturation",1.5,0.8,0.01,"both",25,10,29,29
8,1.39042085721372,0.272449636255789,0.85642938255134,1.92441233187611,TRUE,"full",368,18,8,"Design 8","Incidence-Guided Saturation Regions","Incidence Sat. Regions","Saturation",1.5,0.8,0.01,"both",25,10,29,29
9,1.48456355569303,0.27346478289211,0.948582430184431,2.02054468120163,TRUE,"full",368,18,8,"Design 8","Incidence-Guided Saturation Regions","Incidence Sat. Regions","Saturation",1.5,0.8,0.01,"both",25,10,29,29
10,1.99505164312615,0.27364787852993,1.45871165676169,2.5313916294906,TRUE,"full",368,18,8,"Design 8","Incidence-Guided Saturation Regions","Incidence Sat. Regions","Saturation",1.5,0.8,0.01,"both",25,10,29,29
1,2.01946456325148,0.26977524215059,1.49071480471575,2.54821432178721,TRUE,"full",368,19,8,"Design 8","Incidence-Guided Saturation Regions","Incidence Sat. Regions","Saturation",1.5,0.8,0.01,"both",25,10,29,29
2,1.57464398206448,0.214096255008514,1.15502303302289,1.99426493110607,TRUE,"full",368,19,8,"Design 8","Incidence-Guided Saturation Regions","Incidence Sat. Regions","Saturation",1.5,0.8,0.01,"both",25,10,29,29
3,0.919075951587863,0.25101481346974,0.427095957601132,1.41105594557459,TRUE,"full",368,19,8,"Design 8","Incidence-Guided Saturation Regions","Incidence Sat. Regions","Saturation",1.5,0.8,0.01,"both",25,10,29,29
4,1.81945597477258,0.286877485301102,1.257186435607,2.38172551393816,TRUE,"full",368,19,8,"Design 8","Incidence-Guided Saturation Regions","Incidence Sat. Regions","Saturation",1.5,0.8,0.01,"both",25,10,29,29
5,1.90043090647354,0.260700618288634,1.38946708388049,2.41139472906658,TRUE,"full",368,19,8,"Design 8","Incidence-Guided Saturation Regions","Incidence Sat. Regions","Saturation",1.5,0.8,0.01,"both",25,10,29,29
6,1.63481313197855,0.27052157732974,1.10460058337129,2.1650256805858,TRUE,"full",368,19,8,"Design 8","Incidence-Guided Saturation Regions","Incidence Sat. Regions","Saturation",1.5,0.8,0.01,"both",25,10,29,29
7,1.45343220729809,0.251249587621785,0.960992064428852,1.94587235016733,TRUE,"full",368,19,8,"Design 8","Incidence-Guided Saturation Regions","Incidence Sat. Regions","Saturation",1.5,0.8,0.01,"both",25,10,29,29
8,1.51551951842844,0.230700637643394,1.06335457743696,1.96768445941991,TRUE,"full",368,19,8,"Design 8","Incidence-Guided Saturation Regions","Incidence Sat. Regions","Saturation",1.5,0.8,0.01,"both",25,10,29,29
9,0.977027804811127,0.23707756897231,0.51236430808309,1.44169130153916,TRUE,"full",368,19,8,"Design 8","Incidence-Guided Saturation Regions","Incidence Sat. Regions","Saturation",1.5,0.8,0.01,"both",25,10,29,29
10,1.84924031106946,0.26897256417475,1.32206377245756,2.37641684968136,TRUE,"full",368,19,8,"Design 8","Incidence-Guided Saturation Regions","Incidence Sat. Regions","Saturation",1.5,0.8,0.01,"both",25,10,29,29
1,1.66846431674054,0.244468560159594,1.18931474347537,2.1476138900057,TRUE,"full",368,20,8,"Design 8","Incidence-Guided Saturation Regions","Incidence Sat. Regions","Saturation",1.5,0.8,0.01,"both",25,10,29,29
2,1.38184340588873,0.286905157076778,0.819519631039437,1.94416718073802,TRUE,"full",368,20,8,"Design 8","Incidence-Guided Saturation Regions","Incidence Sat. Regions","Saturation",1.5,0.8,0.01,"both",25,10,29,29
3,0.984822402468754,0.294924030661514,0.4067819241968,1.56286288074071,TRUE,"full",368,20,8,"Design 8","Incidence-Guided Saturation Regions","Incidence Sat. Regions","Saturation",1.5,0.8,0.01,"both",25,10,29,29
4,2.02159917666115,0.254806290154783,1.52218802492351,2.52101032839879,TRUE,"full",368,20,8,"Design 8","Incidence-Guided Saturation Regions","Incidence Sat. Regions","Saturation",1.5,0.8,0.01,"both",25,10,29,29
5,1.72276240952778,0.259109972508787,1.2149161953754,2.23060862368017,TRUE,"full",368,20,8,"Design 8","Incidence-Guided Saturation Regions","Incidence Sat. Regions","Saturation",1.5,0.8,0.01,"both",25,10,29,29
6,1.19748834584215,0.270441149304718,0.66743343326728,1.72754325841701,TRUE,"full",368,20,8,"Design 8","Incidence-Guided Saturation Regions","Incidence Sat. Regions","Saturation",1.5,0.8,0.01,"both",25,10,29,29
7,1.53427750046686,0.265842182644525,1.01323639691207,2.05531860402165,TRUE,"full",368,20,8,"Design 8","Incidence-Guided Saturation Regions","Incidence Sat. Regions","Saturation",1.5,0.8,0.01,"both",25,10,29,29
8,1.63223875997964,0.234618596354109,1.17239476102225,2.09208275893704,TRUE,"full",368,20,8,"Design 8","Incidence-Guided Saturation Regions","Incidence Sat. Regions","Saturation",1.5,0.8,0.01,"both",25,10,29,29
9,1.55649881494794,0.238770645271278,1.08851694965085,2.02448068024503,TRUE,"full",368,20,8,"Design 8","Incidence-Guided Saturation Regions","Incidence Sat. Regions","Saturation",1.5,0.8,0.01,"both",25,10,29,29
10,1.65330716927967,0.255563100425877,1.15241269666755,2.15420164189178,TRUE,"full",368,20,8,"Design 8","Incidence-Guided Saturation Regions","Incidence Sat. Regions","Saturation",1.5,0.8,0.01,"both",25,10,29,29
1,2.03263226251983,0.241622253207476,1.55906134836976,2.50620317666991,TRUE,"full",368,21,8,"Design 8","Incidence-Guided Saturation Regions","Incidence Sat. Regions","Saturation",1.5,0.8,0.01,"both",25,10,29,29
2,1.47083432545422,0.23969310914664,1.00104446418437,1.94062418672406,TRUE,"full",368,21,8,"Design 8","Incidence-Guided Saturation Regions","Incidence Sat. Regions","Saturation",1.5,0.8,0.01,"both",25,10,29,29
3,1.70156368256834,0.302198168430013,1.10926615625154,2.29386120888513,TRUE,"full",368,21,8,"Design 8","Incidence-Guided Saturation Regions","Incidence Sat. Regions","Saturation",1.5,0.8,0.01,"both",25,10,29,29
4,1.28026819210062,0.24689697260872,0.796359017895558,1.76417736630568,TRUE,"full",368,21,8,"Design 8","Incidence-Guided Saturation Regions","Incidence Sat. Regions","Saturation",1.5,0.8,0.01,"both",25,10,29,29
5,2.12183097431095,0.23656448892244,1.65817309600184,2.58548885262005,TRUE,"full",368,21,8,"Design 8","Incidence-Guided Saturation Regions","Incidence Sat. Regions","Saturation",1.5,0.8,0.01,"both",25,10,29,29
6,1.56979359849017,0.271961253595776,1.03675933625208,2.10282786072825,TRUE,"full",368,21,8,"Design 8","Incidence-Guided Saturation Regions","Incidence Sat. Regions","Saturation",1.5,0.8,0.01,"both",25,10,29,29
7,1.41252542419215,0.283629939343554,0.856620958141505,1.9684298902428,TRUE,"full",368,21,8,"Design 8","Incidence-Guided Saturation Regions","Incidence Sat. Regions","Saturation",1.5,0.8,0.01,"both",25,10,29,29
8,1.75093103969935,0.264841558713601,1.23185112301125,2.27001095638746,TRUE,"full",368,21,8,"Design 8","Incidence-Guided Saturation Regions","Incidence Sat. Regions","Saturation",1.5,0.8,0.01,"both",25,10,29,29
9,1.47138191173376,0.258036848709496,0.965638981578932,1.97712484188858,TRUE,"full",368,21,8,"Design 8","Incidence-Guided Saturation Regions","Incidence Sat. Regions","Saturation",1.5,0.8,0.01,"both",25,10,29,29
10,1.75605731085262,0.208144639098312,1.34810131464485,2.1640133070604,TRUE,"full",368,21,8,"Design 8","Incidence-Guided Saturation Regions","Incidence Sat. Regions","Saturation",1.5,0.8,0.01,"both",25,10,29,29
1,1.57965678898926,0.298814860640886,0.993990424087773,2.16532315389076,TRUE,"full",368,22,8,"Design 8","Incidence-Guided Saturation Regions","Incidence Sat. Regions","Saturation",1.5,0.8,0.01,"both",25,10,29,29
2,1.63069907875307,0.200168526519572,1.23837597593625,2.02302218156988,TRUE,"full",368,22,8,"Design 8","Incidence-Guided Saturation Regions","Incidence Sat. Regions","Saturation",1.5,0.8,0.01,"both",25,10,29,29
3,1.73352089558599,0.216761438047262,1.30867628377625,2.15836550739574,TRUE,"full",368,22,8,"Design 8","Incidence-Guided Saturation Regions","Incidence Sat. Regions","Saturation",1.5,0.8,0.01,"both",25,10,29,29
4,1.07610096988055,0.217891255562877,0.649041956431103,1.50315998333001,TRUE,"full",368,22,8,"Design 8","Incidence-Guided Saturation Regions","Incidence Sat. Regions","Saturation",1.5,0.8,0.01,"both",25,10,29,29
5,1.26491649928432,0.241122278021418,0.79232551849209,1.73750748007656,TRUE,"full",368,22,8,"Design 8","Incidence-Guided Saturation Regions","Incidence Sat. Regions","Saturation",1.5,0.8,0.01,"both",25,10,29,29
6,1.47133936949586,0.210887003860987,1.05800843712076,1.88467030187095,TRUE,"full",368,22,8,"Design 8","Incidence-Guided Saturation Regions","Incidence Sat. Regions","Saturation",1.5,0.8,0.01,"both",25,10,29,29
7,1.65701012486451,0.283329555847164,1.10169439964834,2.21232585008068,TRUE,"full",368,22,8,"Design 8","Incidence-Guided Saturation Regions","Incidence Sat. Regions","Saturation",1.5,0.8,0.01,"both",25,10,29,29
8,0.977847539884945,0.247942486713158,0.491889195689855,1.46380588408003,TRUE,"full",368,22,8,"Design 8","Incidence-Guided Saturation Regions","Incidence Sat. Regions","Saturation",1.5,0.8,0.01,"both",25,10,29,29
9,1.40818097891532,0.29847432725962,0.823182047176648,1.993179910654,TRUE,"full",368,22,8,"Design 8","Incidence-Guided Saturation Regions","Incidence Sat. Regions","Saturation",1.5,0.8,0.01,"both",25,10,29,29
10,1.63919820545441,0.2416468663572,1.16557905041733,2.11281736049148,TRUE,"full",368,22,8,"Design 8","Incidence-Guided Saturation Regions","Incidence Sat. Regions","Saturation",1.5,0.8,0.01,"both",25,10,29,29
1,1.3413814303231,0.261577037955264,0.828699856748117,1.85406300389808,TRUE,"full",368,23,8,"Design 8","Incidence-Guided Saturation Regions","Incidence Sat. Regions","Saturation",1.5,0.8,0.01,"both",25,10,29,29
2,1.38636841955339,0.231625420654002,0.932390937167603,1.84034590193917,TRUE,"full",368,23,8,"Design 8","Incidence-Guided Saturation Regions","Incidence Sat. Regions","Saturation",1.5,0.8,0.01,"both",25,10,29,29
3,1.28878997372546,0.308457098607882,0.684225169678293,1.89335477777263,TRUE,"full",368,23,8,"Design 8","Incidence-Guided Saturation Regions","Incidence Sat. Regions","Saturation",1.5,0.8,0.01,"both",25,10,29,29
4,1.48691539012129,0.264217259574338,0.969059077261718,2.00477170298086,TRUE,"full",368,23,8,"Design 8","Incidence-Guided Saturation Regions","Incidence Sat. Regions","Saturation",1.5,0.8,0.01,"both",25,10,29,29
5,1.61742022144196,0.233398747833436,1.15996708165168,2.07487336123225,TRUE,"full",368,23,8,"Design 8","Incidence-Guided Saturation Regions","Incidence Sat. Regions","Saturation",1.5,0.8,0.01,"both",25,10,29,29
6,1.88511646653838,0.259412052779355,1.37667818593524,2.39355474714152,TRUE,"full",368,23,8,"Design 8","Incidence-Guided Saturation Regions","Incidence Sat. Regions","Saturation",1.5,0.8,0.01,"both",25,10,29,29
7,1.48396118657133,0.226127237965964,1.04075994423453,1.92716242890814,TRUE,"full",368,23,8,"Design 8","Incidence-Guided Saturation Regions","Incidence Sat. Regions","Saturation",1.5,0.8,0.01,"both",25,10,29,29
8,1.27146703207966,0.254679269005281,0.772304837220323,1.770629226939,TRUE,"full",368,23,8,"Design 8","Incidence-Guided Saturation Regions","Incidence Sat. Regions","Saturation",1.5,0.8,0.01,"both",25,10,29,29
9,1.65754379867757,0.251806981836828,1.16401118322166,2.15107641413349,TRUE,"full",368,23,8,"Design 8","Incidence-Guided Saturation Regions","Incidence Sat. Regions","Saturation",1.5,0.8,0.01,"both",25,10,29,29
10,1.90180552537089,0.24305700558678,1.42542254823065,2.37818850251113,TRUE,"full",368,23,8,"Design 8","Incidence-Guided Saturation Regions","Incidence Sat. Regions","Saturation",1.5,0.8,0.01,"both",25,10,29,29
1,1.17947832297476,0.232988600367514,0.722829057446039,1.63612758850348,TRUE,"full",368,24,8,"Design 8","Incidence-Guided Saturation Regions","Incidence Sat. Regions","Saturation",1.5,0.8,0.01,"both",25,10,29,29
2,1.2423224612697,0.27144380082908,0.710302387818044,1.77434253472136,TRUE,"full",368,24,8,"Design 8","Incidence-Guided Saturation Regions","Incidence Sat. Regions","Saturation",1.5,0.8,0.01,"both",25,10,29,29
3,1.22666752642742,0.270143077816399,0.69719682323448,1.75613822962037,TRUE,"full",368,24,8,"Design 8","Incidence-Guided Saturation Regions","Incidence Sat. Regions","Saturation",1.5,0.8,0.01,"both",25,10,29,29
4,2.14190743294535,0.295999974352594,1.56175814378949,2.72205672210121,TRUE,"full",368,24,8,"Design 8","Incidence-Guided Saturation Regions","Incidence Sat. Regions","Saturation",1.5,0.8,0.01,"both",25,10,29,29
5,1.60240174087922,0.250637290576602,1.11116167816638,2.09364180359205,TRUE,"full",368,24,8,"Design 8","Incidence-Guided Saturation Regions","Incidence Sat. Regions","Saturation",1.5,0.8,0.01,"both",25,10,29,29
6,1.29172806732049,0.279604538924976,0.74371324111361,1.83974289352737,TRUE,"full",368,24,8,"Design 8","Incidence-Guided Saturation Regions","Incidence Sat. Regions","Saturation",1.5,0.8,0.01,"both",25,10,29,29
7,1.50558381702034,0.247167920564929,1.02114359457942,1.99002403946126,TRUE,"full",368,24,8,"Design 8","Incidence-Guided Saturation Regions","Incidence Sat. Regions","Saturation",1.5,0.8,0.01,"both",25,10,29,29
8,1.96920034669154,0.28930711054777,1.40216882954656,2.53623186383651,TRUE,"full",368,24,8,"Design 8","Incidence-Guided Saturation Regions","Incidence Sat. Regions","Saturation",1.5,0.8,0.01,"both",25,10,29,29
9,2.053176454443,0.300489274691472,1.46422829830715,2.64212461057885,TRUE,"full",368,24,8,"Design 8","Incidence-Guided Saturation Regions","Incidence Sat. Regions","Saturation",1.5,0.8,0.01,"both",25,10,29,29
10,1.37613427030476,0.326747036581774,0.735721846549289,2.01654669406023,TRUE,"full",368,24,8,"Design 8","Incidence-Guided Saturation Regions","Incidence Sat. Regions","Saturation",1.5,0.8,0.01,"both",25,10,29,29
1,1.13863472780022,0.294295572475711,0.561826004938225,1.71544345066221,TRUE,"full",368,25,8,"Design 8","Incidence-Guided Saturation Regions","Incidence Sat. Regions","Saturation",1.5,0.8,0.01,"both",25,10,29,29
2,1.90192133053034,0.228446874644003,1.45417368384736,2.34966897721333,TRUE,"full",368,25,8,"Design 8","Incidence-Guided Saturation Regions","Incidence Sat. Regions","Saturation",1.5,0.8,0.01,"both",25,10,29,29
3,1.27777812398899,0.288342569168522,0.712637073208939,1.84291917476905,TRUE,"full",368,25,8,"Design 8","Incidence-Guided Saturation Regions","Incidence Sat. Regions","Saturation",1.5,0.8,0.01,"both",25,10,29,29
4,2.11523030383448,0.272476478735644,1.58118621887832,2.64927438879063,TRUE,"full",368,25,8,"Design 8","Incidence-Guided Saturation Regions","Incidence Sat. Regions","Saturation",1.5,0.8,0.01,"both",25,10,29,29
5,2.14662158752718,0.219016922985282,1.71735630647124,2.57588686858312,TRUE,"full",368,25,8,"Design 8","Incidence-Guided Saturation Regions","Incidence Sat. Regions","Saturation",1.5,0.8,0.01,"both",25,10,29,29
6,1.78773397612992,0.281711131243652,1.23559030484832,2.33987764741151,TRUE,"full",368,25,8,"Design 8","Incidence-Guided Saturation Regions","Incidence Sat. Regions","Saturation",1.5,0.8,0.01,"both",25,10,29,29
7,1.2256852606844,0.250838385171599,0.734051059807885,1.71731946156092,TRUE,"full",368,25,8,"Design 8","Incidence-Guided Saturation Regions","Incidence Sat. Regions","Saturation",1.5,0.8,0.01,"both",25,10,29,29
8,1.47603315426178,0.233184506120687,1.01899992051248,1.93306638801109,TRUE,"full",368,25,8,"Design 8","Incidence-Guided Saturation Regions","Incidence Sat. Regions","Saturation",1.5,0.8,0.01,"both",25,10,29,29
9,1.86458355741489,0.272569845798434,1.33035647637832,2.39881063845146,TRUE,"full",368,25,8,"Design 8","Incidence-Guided Saturation Regions","Incidence Sat. Regions","Saturation",1.5,0.8,0.01,"both",25,10,29,29
10,1.89901788874919,0.240801717774489,1.42705519449581,2.37098058300256,TRUE,"full",368,25,8,"Design 8","Incidence-Guided Saturation Regions","Incidence Sat. Regions","Saturation",1.5,0.8,0.01,"both",25,10,29,29
